0.282133 0.128521
0.082912 0.519000
0.752544 0.338110
0.393808 0.758472
0.121846 0.852258
0.981140 0.593460
0.512393 0.718169
0.478224 0.166229
0.079131 0.907697
0.246858 0.426258
0.831256 0.193355
0.629493 0.340931
0.814409 0.912751
0.863849 0.545211
0.177403 0.964996
0.184435 0.075100
0.531198 0.680454
0.409825 0.643169
0.922930 0.784345
0.620210 0.509165
0.694053 0.535026
0.366672 0.374684
0.469209 0.259397
0.221769 0.888120
0.531240 0.930732
0.380457 0.284576
0.877760 0.138325
0.451023 0.405162
0.326041 0.783695
0.537616 0.841055
0.135464 0.104708
0.209148 0.229961
0.750602 0.176810
0.973717 0.796050
0.433026 0.869678
0.433411 0.069211
0.746228 0.347932
0.381213 0.345401
0.085579 0.596179
0.719951 0.857132
